function s = calc_u(Zex)
% ColdTabl_28GHz.dat (структуру поля прислал А.Фокин)
struct =   [-8.5000000e+00  -8.2197890e+00  -7.9395770e+00  -7.6593660e+00  -7.3791540e+00  -7.0989430e+00  -6.8187310e+00  -6.5385200e+00  -6.2583080e+00  -5.9780970e+00  -5.6978850e+00  -5.4176740e+00  -5.1374620e+00  -4.8572510e+00  -4.5770390e+00  -4.2968280e+00  -4.0166160e+00  -3.7364050e+00  -3.4561930e+00  -3.1759820e+00  -2.8957700e+00  -2.6155590e+00  -2.3353470e+00  -2.0551360e+00  -1.7749240e+00  -1.4947130e+00  -1.2145020e+00  -9.3429000e-01  -6.5407900e-01  -3.7386700e-01  -9.3656000e-02   1.8655600e-01   4.6676700e-01   7.4697900e-01   1.0271900e+00   1.3074020e+00   1.5876130e+00   1.8678250e+00   2.1480360e+00   2.4282480e+00   2.7084590e+00   2.9886710e+00   3.2688820e+00   3.5490940e+00   3.8293050e+00   4.1095170e+00   4.3897280e+00   4.6699400e+00   4.9501510e+00   5.2303630e+00   5.5105740e+00   5.7907850e+00   6.0709970e+00   6.3512080e+00   6.6314200e+00   6.9116310e+00   7.1918430e+00   7.4720540e+00   7.7522660e+00   8.0324770e+00   8.3126890e+00   8.5929000e+00   8.8731120e+00   9.1533230e+00   9.4335350e+00   9.7137460e+00   9.9939580e+00   1.0274169e+01   1.0554381e+01   1.0834592e+01   1.1114804e+01   1.1395015e+01   1.1675227e+01   1.1955438e+01   1.2235650e+01   1.2515861e+01   1.2796073e+01   1.3076284e+01   1.3356495e+01   1.3636707e+01   1.3916918e+01   1.4197130e+01   1.4477341e+01   1.4757553e+01   1.5037764e+01   1.5317976e+01   1.5598187e+01   1.5878399e+01   1.6158610e+01   1.6438822e+01   1.6719033e+01   1.6999245e+01   1.7279456e+01   1.7559668e+01   1.7839879e+01   1.8120091e+01   1.8400302e+01   1.8680514e+01   1.8960725e+01   1.9240937e+01   1.9521148e+01   1.9801360e+01   2.0081571e+01   2.0361782e+01   2.0641994e+01   2.0922205e+01   2.1202417e+01   2.1482628e+01   2.1762840e+01   2.2043051e+01   2.2323263e+01   2.2603474e+01   2.2883686e+01   2.3163897e+01   2.3444109e+01   2.3724320e+01   2.4004532e+01   2.4284743e+01   2.4564955e+01   2.4845166e+01   2.5125378e+01   2.5405589e+01   2.5685801e+01   2.5966012e+01   2.6246224e+01   2.6526435e+01   2.6806647e+01   2.7086858e+01   2.7367069e+01   2.7647281e+01   2.7927492e+01   2.8207704e+01   2.8487915e+01   2.8768127e+01   2.9048338e+01   2.9328550e+01   2.9608761e+01   2.9888973e+01   3.0169184e+01   3.0449396e+01   3.0729607e+01   3.1009819e+01   3.1290030e+01   3.1570242e+01   3.1850453e+01   3.2130665e+01   3.2410876e+01   3.2691088e+01   3.2971299e+01   3.3251511e+01   3.3531722e+01   3.3811934e+01   3.4092145e+01   3.4372356e+01   3.4652568e+01   3.4932779e+01   3.5212991e+01   3.5493202e+01   3.5773414e+01   3.6053625e+01   3.6333837e+01   3.6614048e+01   3.6894260e+01   3.7174471e+01   3.7454683e+01   3.7734894e+01   3.8015106e+01   3.8295317e+01   3.8575529e+01   3.8855740e+01   3.9135952e+01   3.9416163e+01   3.9696375e+01   3.9976586e+01   4.0256798e+01   4.0537009e+01   4.0817221e+01   4.1097432e+01   4.1377644e+01   4.1657855e+01   4.1938066e+01   4.2218278e+01   4.2498489e+01   4.2778701e+01   4.3058912e+01   4.3339124e+01   4.3619335e+01   4.3899547e+01   4.4179758e+01   4.4459970e+01   4.4740181e+01   4.5020393e+01   4.5300604e+01   4.5580816e+01   4.5861027e+01   4.6141239e+01   4.6421450e+01   4.6701662e+01   4.6981873e+01   4.7262085e+01   4.7542296e+01   4.7822508e+01   4.8102719e+01   4.8382931e+01   4.8663142e+01   4.8943353e+01   4.9223565e+01   4.9503776e+01   4.9783988e+01   5.0064199e+01   5.0344411e+01   5.0624622e+01   5.0904834e+01   5.1185045e+01   5.1465257e+01   5.1745468e+01   5.2025680e+01   5.2305891e+01   5.2586103e+01   5.2866314e+01   5.3146526e+01   5.3426737e+01   5.3706949e+01   5.3987160e+01   5.4267372e+01   5.4547583e+01   5.4827795e+01   5.5108006e+01   5.5388218e+01   5.5668429e+01   5.5948640e+01   5.6228852e+01   5.6509063e+01   5.6789275e+01   5.7069486e+01   5.7349698e+01   5.7629909e+01   5.7910121e+01   5.8190332e+01   5.8470544e+01   5.8750755e+01   5.9030967e+01   5.9311178e+01   5.9591390e+01   5.9871601e+01   6.0151813e+01   6.0432024e+01   6.0712236e+01   6.0992447e+01   6.1272659e+01   6.1552870e+01   6.1833082e+01   6.2113293e+01   6.2393505e+01   6.2673716e+01   6.2953927e+01   6.3234139e+01   6.3514350e+01   6.3794562e+01   6.4074773e+01   6.4354985e+01   6.4635196e+01   6.4915408e+01   6.5195619e+01   6.5475831e+01   6.5756042e+01   6.6036254e+01   6.6316465e+01   6.6596677e+01   6.6876888e+01   6.7157100e+01   6.7437311e+01   6.7717523e+01   6.7997734e+01   6.8277946e+01   6.8558157e+01   6.8838369e+01   6.9118580e+01   6.9398792e+01   6.9679003e+01   6.9959215e+01   7.0239426e+01   7.0519637e+01   7.0799849e+01   7.1080060e+01   7.1360272e+01   7.1640483e+01   7.1920695e+01   7.2200906e+01   7.2481118e+01   7.2761329e+01   7.3041541e+01   7.3321752e+01   7.3601964e+01   7.3882175e+01   7.4162387e+01   7.4442598e+01   7.4722810e+01   7.5003021e+01   7.5283233e+01   7.5563444e+01   7.5843656e+01   7.6123867e+01   7.6404079e+01   7.6684290e+01   7.6964502e+01   7.7244713e+01   7.7524924e+01   7.7805136e+01   7.8085347e+01   7.8365559e+01   7.8645770e+01   7.8925982e+01   7.9206193e+01   7.9486405e+01   7.9766616e+01   8.0046828e+01   8.0327039e+01   8.0607251e+01   8.0887462e+01   8.1167674e+01   8.1447885e+01   8.1728097e+01   8.2008308e+01   8.2288520e+01   8.2568731e+01   8.2848943e+01   8.3129154e+01   8.3409366e+01   8.3689577e+01   8.3969789e+01   8.4250000e+01   8.4530211e+01   8.4810423e+01   8.5090634e+01   8.5370846e+01   8.5651057e+01   8.5931269e+01   8.6211480e+01   8.6491692e+01   8.6771903e+01   8.7052115e+01   8.7332326e+01   8.7612538e+01   8.7892749e+01   8.8172961e+01   8.8453172e+01   8.8733384e+01   8.9013595e+01   8.9293807e+01   8.9574018e+01   8.9854230e+01   9.0134441e+01   9.0414653e+01   9.0694864e+01   9.0975076e+01   9.1255287e+01   9.1535498e+01   9.1815710e+01   9.2095921e+01   9.2376133e+01   9.2656344e+01   9.2936556e+01   9.3216767e+01   9.3496979e+01   9.3777190e+01   9.4057402e+01   9.4337613e+01   9.4617825e+01   9.4898036e+01   9.5178248e+01   9.5458459e+01   9.5738671e+01   9.6018882e+01   9.6299094e+01   9.6579305e+01   9.6859517e+01   9.7139728e+01   9.7419940e+01   9.7700151e+01   9.7980363e+01   9.8260574e+01   9.8540785e+01   9.8820997e+01   9.9101208e+01   9.9381420e+01   9.9661631e+01   9.9941843e+01   1.0022205e+02   1.0050227e+02   1.0078248e+02   1.0106269e+02   1.0134290e+02   1.0162311e+02   1.0190332e+02   1.0218354e+02   1.0246375e+02   1.0274396e+02   1.0302417e+02   1.0330438e+02   1.0358459e+02   1.0386480e+02   1.0414502e+02   1.0442523e+02   1.0470544e+02   1.0498565e+02   1.0526586e+02   1.0554607e+02   1.0582628e+02   1.0610649e+02   1.0638671e+02   1.0666692e+02   1.0694713e+02   1.0722734e+02   1.0750755e+02   1.0778776e+02   1.0806798e+02   1.0834819e+02   1.0862840e+02   1.0890861e+02   1.0918882e+02   1.0946903e+02   1.0974925e+02   1.1002946e+02   1.1030967e+02   1.1058988e+02   1.1087009e+02   1.1115030e+02   1.1143051e+02   1.1171072e+02   1.1199094e+02   1.1227115e+02   1.1255136e+02   1.1283157e+02   1.1311178e+02   1.1339199e+02   1.1367221e+02   1.1395242e+02   1.1423263e+02   1.1451284e+02   1.1479305e+02   1.1507326e+02   1.1535347e+02   1.1563369e+02   1.1591390e+02   1.1619411e+02   1.1647432e+02   1.1675453e+02   1.1703474e+02   1.1731495e+02   1.1759517e+02   1.1787538e+02   1.1815559e+02   1.1843580e+02   1.1871601e+02   1.1899622e+02   1.1927644e+02   1.1955665e+02   1.1983686e+02   1.2011707e+02   1.2039728e+02   1.2067749e+02   1.2095770e+02   1.2123792e+02   1.2151813e+02   1.2179834e+02   1.2207855e+02   1.2235876e+02   1.2263897e+02   1.2291918e+02   1.2319940e+02   1.2347961e+02   1.2375982e+02   1.2404003e+02   1.2432024e+02   1.2460045e+02   1.2488066e+02   1.2516088e+02   1.2544109e+02   1.2572130e+02   1.2600151e+02   1.2628172e+02   1.2656193e+02   1.2684215e+02   1.2712236e+02   1.2740257e+02   1.2768278e+02   1.2796299e+02   1.2824320e+02   1.2852341e+02   1.2880363e+02   1.2908384e+02   1.2936405e+02   1.2964426e+02   